+48795800000
+48600123456
+48777233444
+447700900123
+447800000000
+447400000000
+447500000000
+447600000000
+447900000000
+442080000000
+37200000000
+420000000000
+37000000000
+48000000000
+375000000000
+810000000000
+870000000000
+880000000000
48500123456
48501123456
48502123456
48503123456
48504123456
48505123456
48506123456
48507123456
48508123456
48509123456
70700
70701
70702
70800
70801
70802
70900
70901
70902
80000
80001
80002
80100
80101
80102
80200
80201
80202
80300
80301
80302
80400
80401
80402
80500
80501
80502
80600
80601
80602
80700
80701
80702
80800
80801
80802
80900
80901
80902
+48 